P (0,0) (0,1)

M Color "red" (1,0,0)
M Color "green" (0,1,0)
M Color "blue" (0,0,1)

M Texture "stone" "mc/stone.ppm"
M Texture "torch" "mc/torch.ppm"
M Texture "plank" "mc/plank.ppm"

S 0 0.0 2.0 "stone" "stone" 2 2 0 0 2 2 0 0

T (0,0) torch 0.5 0.5 0 0

L (0,0) 5 1.0 (1.0,0.65,0.25)

W (-3,3) (3,3) "stone" 0 -1 "" "" 12 4 0 0 -1 -1 -1 -1 -1 -1 -1 -1
W (3,3) (3,-3) "stone" 0 -1 "" "" 12 4 0 0 -1 -1 -1 -1 -1 -1 -1 -1
W (3,-3) (-3,-3) "stone" 0 -1 "" "" 12 4 0 0 -1 -1 -1 -1 -1 -1 -1 -1
W (-3,-3) (-3,3) "stone" 0 -1 "" "" 12 4 0 0 -1 -1 -1 -1 -1 -1 -1 -1

# BLOCK
S 1 0.5 2.0 "stone" "stone" 2 2 0 0 2 2 0 0
S 2 0.5 2.0 "plank" "stone" 2 2 0 0 2 2 0 0
S 3 0.25 2.0 "plank" "stone" 2 2 0 0.125 2 2 0 0
W (1,1) (1.5,1) "" 2 1 "stone" "stone" -1 -1 -1 -1 1 1 0 0 1 1 0 0
# W (1.5,1) (1.5,1.5) "" 0 1 "stone" "stone" -1 -1 -1 -1 1 1 0 0 1 1 0 0
# W (1,1.5) (1.5,1.5) "" 0 1 "stone" "stone" -1 -1 -1 -1 1 1 0 0 1 1 0 0 
W (1,1) (1,1.5) "" 0 1 "stone" "stone" -1 -1 -1 -1 1 1 0 0 1 1 0 0

W (1,3) (1,1.5) "" 0 1 "stone" "stone" -1 -1 -1 -1 1 1 0 0 3 1 0 0
W (1.5,1) (3,1) "" 0 1 "stone" "stone" -1 -1 -1 -1 1 1 0 0 3 1 0 0
W (1,2.9999) (3,2.9999) "" 1 0 "stone" "stone" -1 -1 -1 -1 1 1 0 0 1 1 0 0
W (2.9999,1) (2.9999,3) "" 1 0 "stone" "stone" -1 -1 -1 -1 1 1 0 0 1 1 0 0

# STAIRS
W (1,1) (1,0.75) "" 0 2 "plank" "plank" -1 -1 -1 -1 1 1 0 0 0.5 1 0 0
W (1,0.75) (1.5,0.75) "" 3 2 "plank" "plank" -1 -1 -1 -1 1 1 0 0 1 0.5 0 0 
W (1.5,0.75) (1.5,1) "" 0 2 "plank" "plank" -1 -1 -1 -1 1 1 0 0 0.5 1 0 0
W (1,0.75) (1,0.5) "" 0 3 "plank" "plank" -1 -1 -1 -1 1 1 0 0 0.5 0.5 0.25 0
W (1,0.5) (1.5,0.5) "" 0 3 "plank" "plank" -1 -1 -1 -1 1 1 0 0 0.5 0.5 0 0
W (1.5,0.5) (1.5,0.75) "" 0 3 "plank" "plank" -1 -1 -1 -1 1 1 0 0 0.5 0.5 0.25 0
